shape_id,shape_pt_lat,shape_pt_lon,shape_pt_sequence
18800489,15.283424600000002,44.27039430000001,0
18800489,15.283653900000001,44.2700462,1
18800489,15.285144500000001,44.268280700000005,2
18800489,15.285328800000002,44.26806620000001,3
18800489,15.287397900000002,44.2656392,4
18800489,15.289315400000001,44.263530800000005,5
18800489,15.290769800000001,44.262097100000005,6
18800489,15.292130100000001,44.2608213,7
18800489,15.293635600000002,44.25926320000001,8
18800489,15.294172200000002,44.2587199,9
18800489,15.294853300000002,44.2579896,10
18800489,15.295011800000001,44.2578279,11
18800489,15.296814600000001,44.2559879,12
18800489,15.2994239,44.2532712,13
18800489,15.301377700000002,44.2512662,14
18800489,15.301782900000001,44.250838900000005,15
18800489,15.303904000000001,44.2485147,16
18800489,15.3043279,44.248021800000004,17
18800489,15.3048005,44.247519600000004,18
18800489,15.305659200000001,44.2468749,19
18800489,15.3057846,44.2467661,20
18800489,15.306037100000001,44.2465995,21
18800489,15.306801700000001,44.2460424,22
18800489,15.306888200000001,44.245962000000006,23
18800489,15.3076047,44.24529570000001,24
18800489,15.3088788,44.2441218,25
18800489,15.3089808,44.2440294,26
18800489,15.309748800000001,44.2434074,27
18800489,15.310266500000001,44.242999600000005,28
18800489,15.3103513,44.2429337,29
18800489,15.312425700000002,44.241320900000005,30
18800489,15.312699900000002,44.24111310000001,31
18800489,15.313209800000001,44.240684800000004,32
18800489,15.313338600000002,44.240576600000004,33
18800489,15.314687500000002,44.23943500000001,34
18800489,15.316354900000002,44.238043000000005,35
18800489,15.317298700000002,44.23718470000001,36
18800489,15.318381300000002,44.236096200000006,37
18800489,15.3184277,44.2360368,38
18800489,15.318450400000001,44.235964100000004,39
18800489,15.320547600000001,44.233760100000005,40
18800489,15.321264700000002,44.2330065,41
18800489,15.3215537,44.232836000000006,42
18800489,15.322218800000002,44.2325255,43
18800489,15.3242094,44.231596100000004,44
18800489,15.324989700000001,44.23127,45
18800489,15.3258734,44.2307264,46
18800489,15.3268242,44.230312100000006,47
18800489,15.327974000000001,44.229797700000006,48
18800489,15.329442900000002,44.229209600000004,49
18800489,15.330194500000001,44.2289065,50
18800489,15.331246600000002,44.228474600000006,51
18800489,15.3317267,44.228306700000005,52
18800489,15.3317849,44.2282706,53
18800489,15.331977400000001,44.228154200000006,54
18800489,15.332148300000002,44.2280596,55
18800489,15.332857,44.22774510000001,56
18800489,15.333924500000002,44.227249900000004,57
18800489,15.334966300000001,44.2267541,58
18800489,15.335307400000001,44.22659170000001,59
18800489,15.335647400000001,44.226399400000005,60
18800489,15.336801900000001,44.2258694,61
18800489,15.338280400000002,44.225246600000006,62
18800489,15.3397871,44.224510800000004,63
18800489,15.341269400000002,44.223792200000005,64
18800489,15.341467500000002,44.22369020000001,65
18800489,15.341797600000001,44.223512400000004,66
18800489,15.342228500000001,44.2232581,67
18800489,15.342336500000002,44.223201200000005,68
18800489,15.342388500000002,44.223178000000004,69
18800489,15.3427298,44.223021,70
18800489,15.344176200000001,44.222424800000006,71
18800489,15.344476600000002,44.222298300000006,72
18800489,15.345988700000001,44.2217332,73
18800489,15.346445700000002,44.2215337,74
18800489,15.346960000000001,44.2213361,75
18800489,15.3473871,44.2211616,76
18800489,15.347855200000001,44.220895000000006,77
18800489,15.3483563,44.2207146,78
18800489,15.3496146,44.2202367,79
18800583,15.283424600000002,44.27039430000001,0
18800583,15.283653900000001,44.2700462,1
18800583,15.285144500000001,44.268280700000005,2
18800583,15.285328800000002,44.26806620000001,3
18800583,15.287397900000002,44.2656392,4
18800583,15.289315400000001,44.263530800000005,5
18800583,15.290769800000001,44.262097100000005,6
18800583,15.292130100000001,44.2608213,7
18800583,15.293635600000002,44.25926320000001,8
18800583,15.294172200000002,44.2587199,9
18800583,15.294853300000002,44.2579896,10
18800583,15.295011800000001,44.2578279,11
18800583,15.296814600000001,44.2559879,12
18800583,15.2994239,44.2532712,13
18800583,15.301377700000002,44.2512662,14
18800583,15.301782900000001,44.250838900000005,15
18800583,15.303904000000001,44.2485147,16
18800583,15.3043279,44.248021800000004,17
18800583,15.3048005,44.247519600000004,18
18800583,15.305659200000001,44.2468749,19
18800583,15.3057846,44.2467661,20
18800583,15.3056619,44.246585700000004,21
18800583,15.305237900000002,44.245993000000006,22
18800583,15.304839900000001,44.246435000000005,23
18800583,15.304539100000001,44.246719000000006,24
18800583,15.3043188,44.24610860000001,25
18800583,15.3041329,44.2454466,26
18800583,15.303958200000002,44.244939,27
18800583,15.303706400000001,44.2442433,28
18800583,15.303502900000002,44.2436476,29
18800583,15.303317400000001,44.2431124,30
18800583,15.303192700000002,44.242749700000005,31
18800583,15.303147800000001,44.242614100000004,32
18800583,15.3029708,44.242104100000006,33
18800583,15.302798200000002,44.2415518,34
18800583,15.304695200000001,44.2406487,35
18800583,15.3054058,44.240309,36
18800583,15.307952400000001,44.23908050000001,37
18800583,15.308017600000001,44.2390497,38
18800658,15.349593800000001,44.2201248,0
18800658,15.347794300000002,44.2207596,1
18800658,15.347301800000002,44.220984800000004,2
18800658,15.3459195,44.221566200000005,3
18800658,15.343645900000002,44.222466000000004,4
18800658,15.3432156,44.222646700000006,5
18800658,15.342294,44.2230744,6
18800658,15.342216700000002,44.22311560000001,7
18800658,15.341546600000001,44.22349740000001,8
18800658,15.341222300000002,44.22368350000001,9
18800658,15.3397485,44.2244359,10
18800658,15.338250500000001,44.2251751,11
18800658,15.336777000000001,44.225796800000005,12
18800658,15.335616500000002,44.22633080000001,13
18800658,15.335251300000001,44.226485700000005,14
18800658,15.335158900000001,44.226529400000004,15
18800658,15.334297600000001,44.226936900000005,16
18800658,15.333718400000002,44.2272109,17
18800658,15.333317700000002,44.22739240000001,18
18800658,15.3325302,44.227755900000005,19
18800658,15.332090700000002,44.2279477,20
18800658,15.3319474,44.2279873,21
18800658,15.331760400000002,44.228009500000006,22
18800658,15.331718700000001,44.227990500000004,23
18800658,15.3316735,44.227984400000004,24
18800658,15.331605000000001,44.228001600000006,25
18800658,15.331550300000002,44.228047700000005,26
18800658,15.331520000000001,44.2281138,27
18800658,15.3314505,44.2281783,28
18800658,15.3313675,44.228272100000005,29
18800658,15.331266800000002,44.2283392,30
18800658,15.330141500000002,44.228771900000005,31
18800658,15.329946600000001,44.2288518,32
18800658,15.3288179,44.2292976,33
18800658,15.327938900000001,44.2296624,34
18800658,15.326808300000001,44.230160500000004,35
18800658,15.3264057,44.230342300000004,36
18800658,15.325697700000001,44.2306503,37
18800658,15.324973100000001,44.23107770000001,38
18800658,15.324180400000001,44.2314434,39
18800658,15.322920700000001,44.232010300000006,40
18800658,15.322154000000001,44.232380000000006,41
18800658,15.321481000000002,44.232704500000004,42
18800658,15.321255100000002,44.2328435,43
18800658,15.3208207,44.2332849,44
18800658,15.320698400000001,44.2334107,45
18800658,15.318389300000002,44.23578440000001,46
18800658,15.3183152,44.23574240000001,47
18800658,15.318220700000001,44.2357359,48
18800658,15.318073000000002,44.23580870000001,49
18800658,15.318048700000002,44.235908300000006,50
18800658,15.317924500000002,44.23620510000001,51
18800658,15.3169616,44.2371452,52
18800658,15.315654000000002,44.2382733,53
18800658,15.3145561,44.2392204,54
18800658,15.312273000000001,44.241092200000004,55
18800658,15.311073400000001,44.242103500000006,56
18800658,15.310192700000002,44.242753500000006,57
18800658,15.3101064,44.2428189,58
18800658,15.309590700000001,44.243259900000005,59
18800658,15.308732800000001,44.2439322,60
18800658,15.308193600000001,44.24440190000001,61
18800658,15.307832500000002,44.244716600000004,62
18800658,15.307725900000001,44.2448254,63
18800658,15.307352000000002,44.24520690000001,64
18800658,15.307049300000001,44.24551580000001,65
18800658,15.306892300000001,44.245643900000005,66
18800658,15.306216500000001,44.24619560000001,67
18800658,15.3056619,44.246585700000004,68
18800658,15.3056011,44.2466274,69
18800658,15.304695500000001,44.247327000000006,70
18800658,15.304061700000002,44.2479847,71
18800658,15.303456400000002,44.248612800000004,72
18800658,15.302714800000002,44.24946920000001,73
18800658,15.301632500000002,44.250670400000004,74
18800658,15.300921,44.2513876,75
18800658,15.2995312,44.252830200000005,76
18800658,15.2981925,44.254231000000004,77
18800658,15.296674500000002,44.255833200000005,78
18800658,15.296616100000001,44.2558871,79
18800658,15.294755600000002,44.25778210000001,80
18800658,15.294192200000001,44.258382100000006,81
18800658,15.294154,44.258422700000004,82
18800658,15.294036100000001,44.2585483,83
18800658,15.2938851,44.258709100000004,84
18800658,15.293590900000002,44.259022400000006,85
18800658,15.293285400000002,44.259326400000006,86
18800658,15.292482900000001,44.260124700000006,87
18800658,15.291532300000002,44.2610669,88
18800658,15.291226900000002,44.2613696,89
18800658,15.290624200000002,44.2619437,90
18800658,15.289153500000001,44.263390300000005,91
18800658,15.288600100000002,44.2639428,92
18800658,15.2880011,44.2646348,93
18800658,15.2872926,44.2654811,94
18800658,15.2865885,44.266292500000006,95
18800658,15.286009100000001,44.2669683,96
18800658,15.284865300000002,44.26828690000001,97
18800658,15.284412200000002,44.268816300000005,98
18800658,15.283707300000001,44.2696581,99
18800658,15.2836095,44.2697457,100
18800658,15.283498000000002,44.2698151,101
18800658,15.2833473,44.269865,102
18800658,15.283178800000002,44.2699082,103
18800748,15.307979800000002,44.238949700000006,0
18800748,15.307913200000002,44.2389816,1
18800748,15.307732900000001,44.239065700000005,2
18800748,15.306945700000002,44.239428000000004,3
18800748,15.306396600000001,44.2396807,4
18800748,15.305328300000001,44.24019560000001,5
18800748,15.3042779,44.2407182,6
18800748,15.303201500000002,44.24122920000001,7
18800748,15.3026969,44.2414482,8
18800748,15.302737700000002,44.241580400000004,9
18800748,15.302908600000002,44.24213340000001,10
18800748,15.303133,44.242778300000005,11
18800748,15.303432800000001,44.243681200000005,12
18800748,15.3038985,44.244987200000004,13
18800748,15.304077600000001,44.2455427,14
18800748,15.304470300000002,44.246785,15
18800748,15.3045354,44.246811300000005,16
18800748,15.3052334,44.2460753,17
18800748,15.3056011,44.2466274,18
18800748,15.304695500000001,44.247327000000006,19
18800748,15.304061700000002,44.2479847,20
18800748,15.303456400000002,44.248612800000004,21
18800748,15.302714800000002,44.24946920000001,22
18800748,15.301632500000002,44.250670400000004,23
18800748,15.300921,44.2513876,24
18800748,15.2995312,44.252830200000005,25
18800748,15.2981925,44.254231000000004,26
18800748,15.296674500000002,44.255833200000005,27
18800748,15.296616100000001,44.2558871,28
18800748,15.294755600000002,44.25778210000001,29
18800748,15.294192200000001,44.258382100000006,30
18800748,15.294154,44.258422700000004,31
18800748,15.294036100000001,44.2585483,32
18800748,15.2938851,44.258709100000004,33
18800748,15.293590900000002,44.259022400000006,34
18800748,15.293285400000002,44.259326400000006,35
18800748,15.292482900000001,44.260124700000006,36
18800748,15.291532300000002,44.2610669,37
18800748,15.291226900000002,44.2613696,38
18800748,15.290624200000002,44.2619437,39
18800748,15.289153500000001,44.263390300000005,40
18800748,15.288600100000002,44.2639428,41
18800748,15.2880011,44.2646348,42
18800748,15.2872926,44.2654811,43
18800748,15.2865885,44.266292500000006,44
18800748,15.286009100000001,44.2669683,45
18800748,15.284865300000002,44.26828690000001,46
18800748,15.284412200000002,44.268816300000005,47
18800748,15.283707300000001,44.2696581,48
18800748,15.2836095,44.2697457,49
18800748,15.283498000000002,44.2698151,50
18800748,15.2833473,44.269865,51
18800748,15.283178800000002,44.2699082,52
18800916,15.307909800000001,44.2352812,0
18800916,15.3087756,44.235041700000004,1
18800916,15.3086999,44.2346956,2
18800916,15.308728600000002,44.2346416,3
18800916,15.309258000000002,44.23444920000001,4
18800916,15.3097986,44.2342518,5
18800916,15.309544200000001,44.23351,6
18800916,15.310116500000001,44.2333238,7
18800916,15.310154,44.233309500000004,8
18800916,15.310239300000001,44.23327930000001,9
18800916,15.310963200000002,44.23297900000001,10
18800916,15.311714700000001,44.232707700000006,11
18800916,15.312107700000002,44.232543500000006,12
18800916,15.312789700000002,44.232312300000004,13
18800916,15.313109500000001,44.2321894,14
18800916,15.314193500000002,44.231790700000005,15
18800916,15.314900800000002,44.2315352,16
18800916,15.315441000000002,44.2313606,17
18800916,15.316298000000002,44.231039,18
18800916,15.3164063,44.230996700000006,19
18800916,15.317423500000002,44.2305721,20
18800916,15.317514700000002,44.230524300000006,21
18800916,15.317592200000002,44.2304837,22
18800916,15.317614700000002,44.230444000000006,23
18800916,15.317630900000001,44.230397800000006,24
18800916,15.317636100000001,44.2303149,25
18800916,15.317623900000001,44.2302236,26
18800916,15.3175883,44.2301031,27
18800916,15.316339500000002,44.2270721,28
18800916,15.316227300000001,44.22676680000001,29
18800916,15.31619,44.22644270000001,30
18800916,15.316240800000001,44.2258599,31
18800916,15.316590900000001,44.223520900000004,32
18800916,15.316642000000002,44.223010300000006,33
18800916,15.316651000000002,44.2229225,34
18800916,15.316908100000001,44.221343100000006,35
18800916,15.3172884,44.2188171,36
18800916,15.317415100000002,44.2179112,37
18800916,15.317535800000002,44.217105700000005,38
18800916,15.317593900000002,44.216862500000005,39
18800916,15.3176403,44.2163806,40
18800916,15.317666100000002,44.215943900000006,41
18800916,15.3176953,44.2113018,42
18800916,15.317697100000002,44.210880700000004,43
18800916,15.317706600000001,44.2102882,44
18800916,15.3177239,44.2092211,45
18800916,15.3177251,44.20900940000001,46
18800916,15.3177309,44.208797800000006,47
18800916,15.317741400000001,44.2085864,48
18800916,15.317756400000002,44.20837530000001,49
18800916,15.317776000000002,44.2081646,50
18800916,15.317800300000002,44.207954400000006,51
18800916,15.317847000000002,44.207558600000006,52
18800916,15.317893300000001,44.207240500000005,53
18800916,15.318424300000002,44.2045321,54
18800916,15.3187925,44.2023798,55
18800916,15.318911600000002,44.201881400000005,56
18800916,15.319043500000001,44.20143040000001,57
18800916,15.319177500000002,44.201068500000005,58
18800916,15.319318100000002,44.200704,59
18800916,15.319861000000001,44.199420800000006,60
18800916,15.3199003,44.1993409,61
18800916,15.320146800000002,44.198864,62
18800916,15.3204115,44.198357900000005,63
18800916,15.321514700000002,44.196811200000006,64
18800916,15.321847300000002,44.19637410000001,65
18800916,15.322727700000002,44.1951083,66
18800916,15.323431600000001,44.194096200000004,67
18800916,15.323649000000001,44.193783700000004,68
18800916,15.324878900000002,44.191999100000004,69
18800916,15.325121300000001,44.19162790000001,70
18800916,15.326428700000001,44.189755700000006,71
18800916,15.327174800000002,44.188665,72
18800916,15.328337200000002,44.1869512,73
18800916,15.330668000000001,44.183438,74
18800916,15.330992600000002,44.182815000000005,75
18800916,15.331203600000002,44.18239560000001,76
18800916,15.331610500000002,44.1815536,77
18800916,15.3317612,44.1812419,78
18800916,15.3319702,44.180796300000004,79
18800916,15.332917600000002,44.178836200000006,80
18800916,15.333097300000002,44.1784941,81
18800916,15.3336301,44.1773943,82
18800916,15.3341892,44.176219800000005,83
18800916,15.334975700000001,44.1743615,84
18800916,15.335355100000001,44.1734427,85
18800916,15.335991500000002,44.1719172,86
18800916,15.3364834,44.17082310000001,87
18800916,15.336674700000001,44.1705473,88
18800916,15.3369028,44.170304300000005,89
18800916,15.3370811,44.17013910000001,90
18800916,15.337285900000001,44.1699915,91
18800916,15.337520300000001,44.1698651,92
18800916,15.337761800000001,44.169786300000005,93
18800916,15.3381079,44.1697111,94
18800916,15.339021700000002,44.169589800000004,95
18800916,15.339595300000001,44.169488,96
18800916,15.340958900000002,44.169297900000004,97
18800916,15.341204900000001,44.169273200000006,98
18800916,15.341432900000001,44.169277900000004,99
18800916,15.341717500000001,44.169305300000005,100
18800916,15.341892300000001,44.169336,101
18800916,15.344023300000002,44.16997370000001,102
18800916,15.3448837,44.170233,103
18800916,15.3453662,44.1703787,104
18800916,15.3456755,44.170492200000005,105
18800916,15.346143300000001,44.1707297,106
18800916,15.346475800000002,44.170980300000004,107
18800916,15.347363900000001,44.171784200000005,108
18800916,15.347909800000002,44.1722784,109
18800916,15.348092600000001,44.17250310000001,110
18800916,15.348376700000001,44.172763100000004,111
18800916,15.348741700000001,44.173100100000006,112
18800916,15.348997700000002,44.173336600000006,113
18800916,15.349207400000001,44.1734851,114
18800916,15.349665800000002,44.17388940000001,115
18800916,15.350093900000001,44.174243600000004,116
18800916,15.350415300000002,44.17451810000001,117
18800916,15.3506984,44.174705,118
18800916,15.351022500000001,44.1748764,119
18800916,15.351413200000001,44.175003800000006,120
18800916,15.351685900000001,44.1750442,121
18800916,15.352036400000001,44.1750673,122
18800916,15.352761800000001,44.1749857,123
18800916,15.353407500000001,44.174907000000005,124
18800916,15.353952300000001,44.174841300000004,125
18800916,15.354488100000001,44.174801200000005,126
18800916,15.3564143,44.17455760000001,127
18800916,15.3582265,44.174356200000005,128
18800916,15.358605100000002,44.17430040000001,129
18800916,15.359585100000002,44.174174900000004,130
18800916,15.3603289,44.17409730000001,131
18800916,15.3607124,44.17405,132
18800916,15.362680000000001,44.1738179,133
18800916,15.363100600000001,44.173770100000006,134
18800916,15.363475300000001,44.1737861,135
18800916,15.363984700000001,44.1738489,136
18800916,15.364684900000002,44.174078800000004,137
18800916,15.365076400000001,44.174216900000005,138
18800916,15.3667592,44.174801300000006,139
18800916,15.3688701,44.175536900000004,140
18800916,15.368833000000002,44.17564110000001,141
18800916,15.3698133,44.1760615,142
18800916,15.3700673,44.176210700000006,143
18800916,15.3717868,44.1775256,144
18800916,15.371953200000002,44.17764940000001,145
18800916,15.372178500000002,44.177822500000005,146
18800916,15.3724015,44.1779792,147
18800916,15.3724257,44.17803060000001,148
18800916,15.372459200000002,44.178076100000006,149
18800916,15.372500500000001,44.178114,150
18800916,15.372548100000001,44.178142900000005,151
18800916,15.372568900000001,44.1781518,152
18800916,15.3726175,44.178165400000005,153
18800916,15.372667700000001,44.178169800000006,154
18800916,15.372717800000002,44.17816500000001,155
18800916,15.372766300000002,44.17815100000001,156
18800916,15.372801,44.17813460000001,157
18800916,15.3728332,44.1781135,158
18800916,15.372875,44.178074900000006,159
18800916,15.372908500000001,44.1780285,160
18800916,15.372932700000002,44.1779762,161
18800916,15.372946400000002,44.177919900000006,162
18800916,15.3729492,44.177862000000005,163
18800916,15.372939400000002,44.1777985,164
18800916,15.3729165,44.177738700000006,165
18800916,15.372908,44.1776975,166
18800916,15.3729068,44.177655300000005,167
18800916,15.372912800000002,44.1776136,168
18800916,15.3729258,44.1775737,169
18800916,15.372945500000002,44.177536800000006,170
18800916,15.372971200000002,44.17750410000001,171
18800916,15.373002000000001,44.177476600000006,172
18800916,15.3731632,44.177339200000006,173
18800916,15.373517600000001,44.1770372,174
18800916,15.3737717,44.1768142,175
18800916,15.373991600000002,44.17659020000001,176
18800916,15.374166,44.1763884,177
18800916,15.374399400000001,44.17607700000001,178
18800934,15.374282500000001,44.1759683,0
18800934,15.373912100000002,44.176382800000006,1
18800934,15.373634800000001,44.1766768,2
18800934,15.373446800000002,44.176838200000006,3
18800934,15.373177600000002,44.1770283,4
18800934,15.372991200000001,44.177171200000004,5
18800934,15.372926800000002,44.177220600000005,6
18800934,15.3728817,44.177263,7
18800934,15.3727876,44.177290600000006,8
18800934,15.372691600000001,44.177309900000004,9
18800934,15.3725944,44.1773207,10
18800934,15.372496600000002,44.17732290000001,11
18800934,15.372399000000001,44.1773165,12
18800934,15.372302300000001,44.17730160000001,13
18800934,15.3722071,44.1772782,14
18800934,15.372114200000002,44.177246600000004,15
18800934,15.372021000000002,44.1771912,16
18800934,15.370882000000002,44.176406300000004,17
18800934,15.3706568,44.176231900000005,18
18800934,15.370227500000002,44.1759204,19
18800934,15.369982900000002,44.175778300000005,20
18800934,15.369810500000002,44.1756894,21
18800934,15.369652900000002,44.1756097,22
18800934,15.369334400000001,44.1754535,23
18800934,15.368959100000001,44.1753142,24
18800934,15.368831000000002,44.1752666,25
18800934,15.368216300000002,44.175034800000006,26
18800934,15.367651700000001,44.174822000000006,27
18800934,15.366909300000001,44.1745682,28
18800934,15.366895900000001,44.1746939,29
18800934,15.365178100000001,44.174102100000006,30
18800934,15.364767600000002,44.173954200000004,31
18800934,15.3640506,44.1737339,32
18800934,15.3635078,44.173646500000004,33
18800934,15.362998800000002,44.1736384,34
18800934,15.362175400000002,44.1737667,35
18800934,15.360655300000001,44.173922000000005,36
18800934,15.3596058,44.174035100000005,37
18800934,15.358182500000002,44.174215000000004,38
18800934,15.3573125,44.17430040000001,39
18800934,15.354417800000002,44.1746659,40
18800934,15.353152000000001,44.174784,41
18800934,15.352296400000002,44.174894900000005,42
18800934,15.352030700000002,44.1749061,43
18800934,15.3515457,44.174865800000006,44
18800934,15.3512716,44.174802400000004,45
18800934,15.351006500000002,44.174692300000004,46
18800934,15.350758500000001,44.174566600000006,47
18800934,15.350267700000002,44.1742472,48
18800934,15.349717900000002,44.173775600000006,49
18800934,15.3493106,44.173368200000006,50
18800934,15.349132,44.173177,51
18800934,15.348863500000002,44.172930300000004,52
18800934,15.348506000000002,44.1726017,53
18800934,15.348225900000001,44.1723439,54
18800934,15.347983100000002,44.1721628,55
18800934,15.347594400000002,44.171812300000006,56
18800934,15.347434400000001,44.1716683,57
18800934,15.346673100000002,44.1709843,58
18800934,15.346542300000001,44.1708653,59
18800934,15.346108100000002,44.1705696,60
18800934,15.345658700000001,44.17034580000001,61
18800934,15.345114100000002,44.1701568,62
18800934,15.3441895,44.16988920000001,63
18800934,15.343836800000002,44.169803,64
18800934,15.341908000000002,44.1692539,65
18800934,15.3417387,44.169221300000004,66
18800934,15.341432800000002,44.1691992,67
18800934,15.3411997,44.169199500000005,68
18800934,15.340958400000002,44.169218900000004,69
18800934,15.339582100000001,44.1694029,70
18800934,15.338649400000001,44.169495700000006,71
18800934,15.338042100000001,44.16958700000001,72
18800934,15.337719300000002,44.169656200000006,73
18800934,15.337466500000001,44.1697641,74
18800934,15.337180300000002,44.1699106,75
18800934,15.336787200000002,44.17020960000001,76
18800934,15.3366088,44.170405,77
18800934,15.336562,44.1704718,78
18800934,15.336366400000001,44.1707224,79
18800934,15.335864400000002,44.1718641,80
18800934,15.335375500000001,44.1730535,81
18800934,15.334843300000001,44.174314100000004,82
18800934,15.334040600000002,44.1761971,83
18800934,15.333156,44.178032900000005,84
18800934,15.332971900000002,44.178421300000004,85
18800934,15.332804600000001,44.1787581,86
18800934,15.3323864,44.179602900000006,87
18800934,15.331875300000002,44.180674700000004,88
18800934,15.3313058,44.181847700000006,89
18800934,15.331028800000002,44.182407700000006,90
18800934,15.330532600000002,44.1833649,91
18800934,15.3297421,44.1846363,92
18800934,15.328333400000002,44.186678900000004,93
18800934,15.327572400000001,44.1877824,94
18800934,15.326250300000002,44.1897394,95
18800934,15.324052100000001,44.1929006,96
18800934,15.323524400000002,44.1937252,97
18800934,15.3217525,44.196249400000006,98
18800934,15.321655400000001,44.196408700000006,99
18800934,15.3203527,44.19831920000001,100
18800934,15.3200897,44.1987913,101
18800934,15.3198333,44.199316100000004,102
18800934,15.319781100000002,44.1994228,103
18800934,15.31924,44.200682,104
18800934,15.319097300000001,44.201058800000006,105
18800934,15.318963600000002,44.201444300000006,106
18800934,15.318836300000001,44.201882100000006,107
18800934,15.318718900000002,44.202379,108
18800934,15.318347900000001,44.2045145,109
18800934,15.317767300000002,44.207304,110
18800934,15.317719300000002,44.207537200000004,111
18800934,15.317661400000002,44.207925700000004,112
18800934,15.317629300000002,44.208189700000005,113
18800934,15.317606200000002,44.20844580000001,114
18800934,15.3175959,44.208704100000006,115
18800934,15.317585900000001,44.2089617,116
18800934,15.317584900000002,44.2092194,117
18800934,15.317559800000002,44.2102906,118
18800934,15.317518900000001,44.2163836,119
18800934,15.317454000000001,44.2168227,120
18800934,15.3173983,44.217033900000004,121
18800934,15.317120400000002,44.2188157,122
18800934,15.317072200000002,44.219089200000006,123
18800934,15.317000100000001,44.2193656,124
18800934,15.3169637,44.21963830000001,125
18800934,15.316958200000002,44.219691100000006,126
18800934,15.316956000000001,44.2197444,127
18800934,15.3169599,44.219797500000006,128
18800934,15.316969900000002,44.219849800000006,129
18800934,15.316985800000001,44.2199005,130
18800934,15.317007400000001,44.219948800000004,131
18800934,15.317065500000002,44.2200604,132
18800934,15.316993100000001,44.220194400000004,133
18800934,15.316923800000001,44.2202837,134
18800934,15.316866500000001,44.2203626,135
18800934,15.316831800000001,44.2204507,136
18800934,15.316799000000001,44.220742200000004,137
18800934,15.316741500000001,44.2210223,138
18800934,15.316748400000002,44.221327300000006,139
18800934,15.3165305,44.222743900000005,140
18800934,15.316522400000002,44.2228228,141
18800934,15.316523100000001,44.2228957,142
18800934,15.316560500000001,44.2229783,143
18800934,15.316465100000002,44.2235048,144
18800934,15.316090100000002,44.2258592,145
18800934,15.316036400000002,44.226178700000006,146
18800934,15.316026,44.2265273,147
18800934,15.316079700000001,44.22682270000001,148
18800934,15.316214300000002,44.2271719,149
18800934,15.317232500000001,44.229623800000006,150
18800934,15.317464200000002,44.2301714,151
18800934,15.3174822,44.2302429,152
18800934,15.3174886,44.2302965,153
18800934,15.3174848,44.2303441,154
18800934,15.317456800000002,44.230403,155
18800934,15.317285600000002,44.230476700000004,156
18800934,15.316358100000002,44.230875600000005,157
18800934,15.316294800000001,44.2309028,158
18800934,15.316250000000002,44.2309192,159
18800934,15.315258300000002,44.231282500000006,160
18800934,15.3148633,44.23143400000001,161
18800934,15.314148500000002,44.2316787,162
18800934,15.313072700000001,44.2320946,163
18800934,15.312744400000001,44.23221470000001,164
18800934,15.312070600000002,44.232474100000005,165
18800934,15.310928200000001,44.2328684,166
18800934,15.310200600000002,44.23317660000001,167
18800934,15.310179500000002,44.233184200000004,168
18800934,15.3094993,44.233401,169
18895344,15.297446500000001,44.17520510000001,0
18895344,15.297627400000001,44.175616100000006,1
18895344,15.297899800000001,44.17630140000001,2
18895344,15.297966400000002,44.176642900000004,3
18895344,15.298064900000002,44.1771566,4
18895344,15.298216600000002,44.1778156,5
18895344,15.298357300000001,44.1782619,6
18895344,15.2986301,44.17880100000001,7
18895344,15.298835100000002,44.179121300000006,8
18895344,15.2991053,44.1794182,9
18895344,15.300230400000002,44.1803881,10
18895344,15.300319400000001,44.180467400000005,11
18895344,15.3004332,44.1805755,12
18895344,15.300670600000002,44.18077160000001,13
18895344,15.3007576,44.18084820000001,14
18895344,15.301006800000001,44.181063400000006,15
18895344,15.3011098,44.1811525,16
18895344,15.3014293,44.181437,17
18895344,15.301684000000002,44.18172190000001,18
18895344,15.301851700000002,44.1819725,19
18895344,15.302943200000001,44.183557500000006,20
18895344,15.303561100000001,44.1844869,21
18895344,15.303977300000001,44.185120500000004,22
18895344,15.3049756,44.186539,23
18895344,15.3057718,44.18768060000001,24
18895344,15.3060886,44.1881251,25
18895344,15.306673600000002,44.188904400000006,26
18895344,15.306748800000001,44.18901030000001,27
18895344,15.306921200000001,44.18922920000001,28
18895344,15.307646600000002,44.190176,29
18895344,15.3083082,44.191009400000006,30
18895344,15.309636500000002,44.192725700000004,31
18895344,15.3101838,44.193432,32
18895344,15.310528800000002,44.1937763,33
18895344,15.310898600000002,44.194107,34
18895344,15.311262400000002,44.1944275,35
18895344,15.312108400000001,44.1951576,36
18895344,15.313378300000002,44.1963463,37
18895344,15.314493900000002,44.197228,38
18895344,15.315397700000002,44.197914100000006,39
18895344,15.3161684,44.1983788,40
18895344,15.316712,44.198631600000006,41
18895344,15.316854500000002,44.19869550000001,42
18895344,15.317059100000002,44.1987711,43
18895344,15.317523600000001,44.198908800000005,44
18895344,15.317753600000001,44.1989177,45
18895344,15.3180323,44.198924500000004,46
18895344,15.3183833,44.198909,47
18895344,15.318734400000002,44.1988898,48
18895344,15.319283200000001,44.198882700000006,49
18895344,15.3195545,44.19887670000001,50
18895344,15.319620900000002,44.198871100000005,51
18895344,15.319775600000002,44.1988903,52
18895344,15.319919900000002,44.1989098,53
18895344,15.3200102,44.198935500000005,54
18895344,15.320094600000001,44.1989463,55
18895344,15.320165200000002,44.19894420000001,56
18895344,15.320281900000001,44.19890290000001,57
18895344,15.320472600000002,44.19888,58
18895344,15.3206313,44.198882000000005,59
18895344,15.320754,44.19888100000001,60
18895344,15.320984700000002,44.1988792,61
18895344,15.321618800000001,44.198914300000006,62
18895344,15.322196700000001,44.1989607,63
18895344,15.323205200000002,44.199012200000006,64
18895344,15.325106800000002,44.1991202,65
18895344,15.3260342,44.1991719,66
18895344,15.326618900000001,44.1992016,67
18895344,15.3272679,44.1991706,68
18895344,15.327710100000001,44.1991646,69
18895344,15.327826600000002,44.199158800000006,70
18895344,15.329048100000001,44.199040800000006,71
18895344,15.330411100000001,44.1988946,72
18895344,15.331440800000001,44.198819,73
18895344,15.332309300000002,44.1987383,74
18895344,15.332954,44.1986873,75
18895344,15.334359400000002,44.1986105,76
18895344,15.3347025,44.1985716,77
18895344,15.334813500000001,44.1985764,78
18895344,15.3350576,44.1985924,79
18895344,15.335470200000001,44.19863170000001,80
18895344,15.3360707,44.198704500000005,81
18895344,15.337325300000002,44.198768,82
18895344,15.338129400000001,44.1988138,83
18895344,15.338807200000002,44.1988312,84
18895344,15.339547500000002,44.19886,85
18895344,15.340261500000002,44.1988556,86
18895344,15.341282300000001,44.1987322,87
18895344,15.341500000000002,44.1986877,88
18895344,15.3422677,44.1984933,89
18895344,15.342836000000002,44.1982852,90
18895344,15.343228400000001,44.19820120000001,91
18895344,15.344049700000001,44.197992500000005,92
18895344,15.3449085,44.19776220000001,93
18895345,15.3450611,44.197634900000004,0
18895345,15.3448907,44.1976767,1
18895345,15.344781800000002,44.197703100000005,2
18895345,15.344620500000001,44.197749800000004,3
18895345,15.344037300000002,44.197899500000005,4
18895345,15.342812000000002,44.198208900000004,5
18895345,15.342245600000002,44.198413800000004,6
18895345,15.341494700000002,44.198607200000005,7
18895345,15.341267600000002,44.198654000000005,8
18895345,15.340696500000002,44.198723,9
18895345,15.3402559,44.198771900000004,10
18895345,15.339543400000002,44.1987791,11
18895345,15.338813300000002,44.19874840000001,12
18895345,15.338133000000001,44.1987206,13
18895345,15.3377981,44.19868820000001,14
18895345,15.335560000000001,44.198509,15
18895345,15.335101100000001,44.198476400000004,16
18895345,15.334821300000002,44.1984476,17
18895345,15.3347086,44.1984457,18
18895345,15.334493300000002,44.1984859,19
18895345,15.332957200000001,44.1985844,20
18895345,15.332237100000002,44.198645500000005,21
18895345,15.331585400000002,44.1987078,22
18895345,15.330411500000002,44.198810900000005,23
18895345,15.329286800000002,44.1989086,24
18895345,15.327818700000002,44.199047400000005,25
18895345,15.327704500000001,44.1990513,26
18895345,15.327280700000001,44.19907070000001,27
18895345,15.326630300000001,44.19909500000001,28
18895345,15.326015800000002,44.199086400000006,29
18895345,15.3250439,44.19902930000001,30
18895345,15.323376500000002,44.198913600000004,31
18895345,15.3222058,44.198876600000006,32
18895345,15.320986200000002,44.198807800000004,33
18895345,15.3205331,44.1987723,34
18895345,15.320460400000002,44.198764800000006,35
18895345,15.3203869,44.198746400000005,36
18895345,15.320250800000002,44.19869920000001,37
18895345,15.320149400000002,44.198683700000004,38
18895345,15.3200391,44.198692900000005,39
18895345,15.319855500000001,44.1987346,40
18895345,15.319767200000001,44.198759100000004,41
18895345,15.319626300000001,44.1987761,42
18895345,15.319260800000002,44.19878190000001,43
18895345,15.318826500000002,44.198810300000005,44
18895345,15.318388,44.198809600000004,45
18895345,15.3180606,44.1988209,46
18895345,15.317742200000001,44.198809100000005,47
18895345,15.317528800000002,44.198795200000006,48
18895345,15.3172168,44.1987219,49
18895345,15.316914700000002,44.198619400000005,50
18895345,15.316752000000001,44.1985455,51
18895345,15.3162052,44.198266800000006,52
18895345,15.3158135,44.19803,53
18895345,15.315454500000001,44.197813000000004,54
18895345,15.315171200000002,44.19760720000001,55
18895345,15.3145231,44.197136300000004,56
18895345,15.313395000000002,44.19620930000001,57
18895345,15.312160500000001,44.19508390000001,58
18895345,15.311295900000001,44.194374700000004,59
18895345,15.3109382,44.194065900000005,60
18895345,15.310555700000002,44.193741,61
18895345,15.310219100000001,44.1934011,62
18895345,15.309673000000002,44.192694900000006,63
18895345,15.308100500000002,44.190612200000004,64
18895345,15.306849200000002,44.188978000000006,65
18895345,15.306225900000001,44.1880961,66
18895345,15.305875200000001,44.187587400000005,67
18895345,15.3040967,44.185100500000004,68
18895345,15.303639900000002,44.18443190000001,69
18895345,15.303023900000001,44.1835011,70
18895345,15.301958700000002,44.1819178,71
18895345,15.301801700000002,44.1816839,72
18895345,15.301576400000002,44.181402500000004,73
18895345,15.301194700000002,44.181084600000005,74
18895345,15.300814200000001,44.1807439,75
18895345,15.3004501,44.180436900000004,76
18895345,15.300183400000002,44.18020430000001,77
18895345,15.299267600000002,44.1793947,78
18895345,15.298929800000002,44.1790449,79
18895345,15.298563500000002,44.1784401,80
18895345,15.298366300000001,44.17794550000001,81
18895345,15.298315500000001,44.177776200000004,82
18895345,15.298228900000002,44.1774459,83
18895345,15.298184000000001,44.177145800000005,84
18895345,15.298069400000001,44.176579600000004,85
18895345,15.2980119,44.17630440000001,86
18895345,15.297622900000002,44.175381900000005,87
18895345,15.2975211,44.17517410000001,88
18904090,15.307909800000001,44.2352812,0
18904090,15.3087756,44.235041700000004,1
18904090,15.3086999,44.2346956,2
18904090,15.308728600000002,44.2346416,3
18904090,15.309258000000002,44.23444920000001,4
18904090,15.3097986,44.2342518,5
18904090,15.309544200000001,44.23351,6
18904090,15.310116500000001,44.2333238,7
18904090,15.310154,44.233309500000004,8
18904090,15.310239300000001,44.23327930000001,9
18904090,15.310963200000002,44.23297900000001,10
18904090,15.311714700000001,44.232707700000006,11
18904090,15.312107700000002,44.232543500000006,12
18904090,15.312789700000002,44.232312300000004,13
18904090,15.313109500000001,44.2321894,14
18904090,15.314193500000002,44.231790700000005,15
18904090,15.314900800000002,44.2315352,16
18904090,15.315441000000002,44.2313606,17
18904090,15.316298000000002,44.231039,18
18904090,15.3164063,44.230996700000006,19
18904090,15.317423500000002,44.2305721,20
18904090,15.317514700000002,44.230524300000006,21
18904090,15.317592200000002,44.2304837,22
18904090,15.317614700000002,44.230444000000006,23
18904090,15.317630900000001,44.230397800000006,24
18904090,15.317636100000001,44.2303149,25
18904090,15.317623900000001,44.2302236,26
18904090,15.3175883,44.2301031,27
18904090,15.316339500000002,44.2270721,28
18904090,15.316227300000001,44.22676680000001,29
18904090,15.31619,44.22644270000001,30
18904090,15.316240800000001,44.2258599,31
18904090,15.316590900000001,44.223520900000004,32
18904090,15.316642000000002,44.223010300000006,33
18904090,15.3166822,44.222977500000006,34
18904090,15.316717700000002,44.2229199,35
18904090,15.316732700000001,44.222832000000004,36
18904090,15.3169508,44.221355,37
18904090,15.3170771,44.221105,38
18904090,15.3171098,44.22073,39
18904090,15.317137700000002,44.220511800000004,40
18904090,15.3171493,44.2204088,41
18904090,15.317224000000001,44.220278900000004,42
18904090,15.317306300000002,44.220179200000004,43
18904090,15.3174325,44.2201017,44
18904090,15.317536500000001,44.220076600000006,45
18904090,15.317891200000002,44.2199991,46
18904090,15.319166200000002,44.219739700000005,47
18904090,15.3194665,44.219670400000005,48
18904090,15.319793100000002,44.2195589,49
18904090,15.320522600000002,44.2194353,50
18904090,15.320833900000002,44.219379700000005,51
18904090,15.321540800000001,44.219255700000005,52
18904090,15.321943100000002,44.2192002,53
18904090,15.322581300000001,44.2191771,54
18904090,15.323106700000002,44.2191721,55
18904090,15.3231125,44.2190858,56
18904090,15.3226016,44.21908500000001,57
18904090,15.322276400000002,44.2190954,58
18904090,15.322233100000002,44.218994800000004,59
18904090,15.322210400000001,44.2189314,60
18904090,15.322213300000001,44.218877000000006,61
18904090,15.322237800000002,44.218818600000006,62
18904090,15.322288000000002,44.2187624,63
18904090,15.322347100000002,44.2187393,64
18904090,15.322632400000002,44.2186317,65
18904090,15.3226942,44.2185981,66
18904090,15.322750400000002,44.2185551,67
18904090,15.322799500000002,44.218503600000005,68
18904090,15.322982300000001,44.218458000000005,69
18904090,15.323159600000002,44.218421000000006,70
18904090,15.3232937,44.2183994,71
18904090,15.3234337,44.2183811,72
18904090,15.325198600000002,44.218240900000005,73
18904090,15.325338300000002,44.2182144,74
18904090,15.325437,44.218175800000004,75
18904090,15.325637500000001,44.218076100000005,76
18904090,15.325987800000002,44.217891400000006,77
18904090,15.326367200000002,44.2177014,78
18904090,15.326581500000001,44.21757590000001,79
18904090,15.326775200000002,44.2174454,80
18904090,15.326906500000002,44.217347800000006,81
18904090,15.327051100000002,44.2172239,82
18904090,15.327157600000001,44.217100200000004,83
18904090,15.327233800000002,44.216979900000005,84
18904090,15.3273179,44.2168265,85
18904090,15.327368600000002,44.2167,86
18904090,15.3274149,44.216584700000006,87
18904090,15.327795400000001,44.21546790000001,88
18904090,15.327912300000001,44.215208800000006,89
18904090,15.327984,44.215067600000005,90
18904090,15.327930700000001,44.215002500000004,91
18904090,15.3278662,44.215044000000006,92
18904090,15.3278218,44.21508420000001,93
18904090,15.327765200000002,44.215142500000006,94
18904090,15.327717800000002,44.2151854,95
18904090,15.327656800000002,44.21525320000001,96
18904090,15.327577400000001,44.215277300000004,97
18904090,15.3276368,44.215125,98
18904090,15.327980700000001,44.21383530000001,99
18904090,15.3280322,44.2138968,100
18904090,15.328129200000001,44.213912,101
18904090,15.3282225,44.213888700000005,102
18904090,15.3282687,44.2138372,103
18904090,15.328289900000001,44.213755600000006,104
18904090,15.3282722,44.21353130000001,105
18904090,15.328192800000002,44.212918,106
18904090,15.328110800000001,44.2128031,107
18904090,15.328064000000001,44.212417800000004,108
18904090,15.3276958,44.20915900000001,109
18904090,15.327626600000002,44.2089136,110
18904090,15.327337600000002,44.20635480000001,111
18904090,15.327264000000001,44.20502870000001,112
18904090,15.3272568,44.20439150000001,113
18904090,15.327265800000001,44.203678200000006,114
18904090,15.327297000000002,44.2032851,115
18904090,15.327358700000001,44.202924,116
18904090,15.327496900000002,44.2026454,117
18904090,15.327562200000001,44.2023584,118
18904090,15.3276932,44.20187120000001,119
18904090,15.327823900000002,44.201282400000004,120
18904090,15.3279042,44.200656200000005,121
18904090,15.3278978,44.2000814,122
18904090,15.327826600000002,44.199158800000006,123
18904090,15.327818700000002,44.199047400000005,124
18904090,15.327704500000001,44.1990513,125
18904090,15.327280700000001,44.19907070000001,126
18904090,15.326630300000001,44.19909500000001,127
18904090,15.326015800000002,44.199086400000006,128
18904090,15.3250439,44.19902930000001,129
18904090,15.323376500000002,44.198913600000004,130
18904090,15.3222058,44.198876600000006,131
18904090,15.320986200000002,44.198807800000004,132
18904090,15.3205331,44.1987723,133
18904090,15.320500400000002,44.198685700000006,134
18904090,15.320494100000001,44.1986209,135
18904090,15.320506700000001,44.198557400000006,136
18904090,15.320723500000001,44.198194,137
18904090,15.320776300000002,44.1980714,138
18904090,15.321212000000001,44.1974467,139
18904090,15.3216502,44.1968541,140
18904090,15.321916000000002,44.196468100000004,141
18904090,15.3228208,44.1951844,142
18904090,15.322727700000002,44.1951083,143
18904090,15.323431600000001,44.194096200000004,144
18904090,15.323649000000001,44.193783700000004,145
18904090,15.324878900000002,44.191999100000004,146
18904090,15.325121300000001,44.19162790000001,147
18904090,15.326428700000001,44.189755700000006,148
18904090,15.327174800000002,44.188665,149
18904090,15.328337200000002,44.1869512,150
18904090,15.330668000000001,44.183438,151
18904090,15.330992600000002,44.182815000000005,152
18904090,15.331203600000002,44.18239560000001,153
18904090,15.331610500000002,44.1815536,154
18904090,15.3317612,44.1812419,155
18904090,15.3319702,44.180796300000004,156
18904090,15.332917600000002,44.178836200000006,157
18904090,15.333097300000002,44.1784941,158
18904090,15.3336301,44.1773943,159
18904090,15.3341892,44.176219800000005,160
18904090,15.334975700000001,44.1743615,161
18904090,15.335355100000001,44.1734427,162
18904090,15.335991500000002,44.1719172,163
18904090,15.3364834,44.17082310000001,164
18904090,15.336674700000001,44.1705473,165
18904090,15.3369028,44.170304300000005,166
18904090,15.3370811,44.17013910000001,167
18904090,15.337285900000001,44.1699915,168
18904090,15.337520300000001,44.1698651,169
18904090,15.337761800000001,44.169786300000005,170
18904090,15.3381079,44.1697111,171
18904090,15.339021700000002,44.169589800000004,172
18904090,15.339595300000001,44.169488,173
18904090,15.340958900000002,44.169297900000004,174
18904090,15.341204900000001,44.169273200000006,175
18904090,15.341432900000001,44.169277900000004,176
18904090,15.341717500000001,44.169305300000005,177
18904090,15.341892300000001,44.169336,178
18904090,15.344023300000002,44.16997370000001,179
18904090,15.3448837,44.170233,180
18904090,15.3453662,44.1703787,181
18904090,15.3456755,44.170492200000005,182
18904090,15.346143300000001,44.1707297,183
18904090,15.346475800000002,44.170980300000004,184
18904090,15.347363900000001,44.171784200000005,185
18904090,15.347909800000002,44.1722784,186
18904090,15.348092600000001,44.17250310000001,187
18904090,15.348376700000001,44.172763100000004,188
18904090,15.348741700000001,44.173100100000006,189
18904090,15.348997700000002,44.173336600000006,190
18904090,15.349207400000001,44.1734851,191
18904090,15.349665800000002,44.17388940000001,192
18904090,15.350093900000001,44.174243600000004,193
18904090,15.350415300000002,44.17451810000001,194
18904090,15.3506984,44.174705,195
18904090,15.351022500000001,44.1748764,196
18904090,15.351413200000001,44.175003800000006,197
18904090,15.351685900000001,44.1750442,198
18904090,15.352036400000001,44.1750673,199
18904090,15.352761800000001,44.1749857,200
18904090,15.353407500000001,44.174907000000005,201
18904090,15.353952300000001,44.174841300000004,202
18904090,15.354488100000001,44.174801200000005,203
18904090,15.3564143,44.17455760000001,204
18904090,15.3582265,44.174356200000005,205
18904090,15.358605100000002,44.17430040000001,206
18904090,15.359585100000002,44.174174900000004,207
18904090,15.3603289,44.17409730000001,208
18904090,15.3607124,44.17405,209
18904090,15.362680000000001,44.1738179,210
18904090,15.363100600000001,44.173770100000006,211
18904090,15.363475300000001,44.1737861,212
18904090,15.363984700000001,44.1738489,213
18904090,15.364684900000002,44.174078800000004,214
18904090,15.365076400000001,44.174216900000005,215
18904090,15.3667592,44.174801300000006,216
18904090,15.3688701,44.175536900000004,217
18904090,15.368833000000002,44.17564110000001,218
18904090,15.3698133,44.1760615,219
18904090,15.3700673,44.176210700000006,220
18904090,15.3717868,44.1775256,221
18904090,15.371953200000002,44.17764940000001,222
18904090,15.372178500000002,44.177822500000005,223
18904090,15.3724015,44.1779792,224
18904090,15.3724257,44.17803060000001,225
18904090,15.372459200000002,44.178076100000006,226
18904090,15.372500500000001,44.178114,227
18904090,15.372548100000001,44.178142900000005,228
18904090,15.372568900000001,44.1781518,229
18904090,15.3726175,44.178165400000005,230
18904090,15.372667700000001,44.178169800000006,231
18904090,15.372717800000002,44.17816500000001,232
18904090,15.372766300000002,44.17815100000001,233
18904090,15.372801,44.17813460000001,234
18904090,15.3728332,44.1781135,235
18904090,15.372875,44.178074900000006,236
18904090,15.372908500000001,44.1780285,237
18904090,15.372932700000002,44.1779762,238
18904090,15.372946400000002,44.177919900000006,239
18904090,15.3729492,44.177862000000005,240
18904090,15.372939400000002,44.1777985,241
18904090,15.3729165,44.177738700000006,242
18904090,15.372908,44.1776975,243
18904090,15.3729068,44.177655300000005,244
18904090,15.372912800000002,44.1776136,245
18904090,15.3729258,44.1775737,246
18904090,15.372945500000002,44.177536800000006,247
18904090,15.372971200000002,44.17750410000001,248
18904090,15.373002000000001,44.177476600000006,249
18904090,15.3731632,44.177339200000006,250
18904090,15.373517600000001,44.1770372,251
18904090,15.3737717,44.1768142,252
18904090,15.373991600000002,44.17659020000001,253
18904090,15.374166,44.1763884,254
18904090,15.374399400000001,44.17607700000001,255
